{
    "customized_sequence": 
    [
        {"R": [[-0.6216465312, 0.7827763909, 0.0285781748], [0.07448493547, 0.09539301533, -0.9926490654], [-0.7797484111, -0.6149482047, -0.117605786]], "T": [[2085.1899998517647], [1786.0800000525896], [1511.0999995840775]], "fx": 1395.71, "fy": 1392.06, "cx": 949.456, "cy": 566.648, "k": [[-0.281728], [0.168097], [-0.0371786]], "p": [[-0.00021431], [1.8072e-05]]}, 
        {"R": [[0.9448241112, -0.3239277321, 0.04876703013], [-0.2141569626, -0.7234551806, -0.6563150135], [0.2478793944, 0.6096584503, -0.7529092773]], "T": [[-658.7449998072468], [-1719.420000012806], [3397.100000015702]], "fx": 1396.11, "fy": 1392.54, "cx": 950.228, "cy": 548.78, "k": [[-0.286481], [0.183173], [-0.0482263]], "p": [[-0.000152555], [0.0010664]]}, 
        {"R": [[-0.9950957343, -0.08897520145, -0.04321912909], [-0.001969290489, 0.454658581, -0.8906636271], [0.09889692354, -0.886210465, -0.4526040326]], "T": [[-83.82009992158874], [2546.5200000514806], [2394.71000012179]], "fx": 1395.93, "fy": 1392.67, "cx": 964.611, "cy": 564.875, "k": [[-0.290995], [0.19463], [-0.0582663]], "p": [[-0.000241491], [0.000727782]]}, 
        {"R": [[-0.2862766934, -0.9552441867, -0.07452649614], [-0.7557457469, 0.2729317047, -0.5952786327], [0.588977097, -0.1140913162, -0.8000557173]], "T": [[-1833.780000146519], [122.58800006624404], [3395.7400002984577]], "fx": 1592.21, "fy": 1588.39, "cx": 937.375, "cy": 560.919, "k": [[-0.239248], [0.229218], [-0.0358302]], "p": [[0.000137317], [0.000315934]]}, 
        {"R": [[0.5162966551, 0.856305686, -0.01335424781], [0.1418829708, -0.100903213, -0.9847272537], [-0.8445750331, 0.506516647, -0.173591186]], "T": [[2362.289999957224], [-1428.7400000296793], [1526.199999936338]], "fx": 1572.86, "fy": 1568.17, "cx": 941.716, "cy": 560.048, "k": [[-0.240801], [0.195963], [0.00455186]], "p": [[-0.000444179], [0.000458513]]}
    ]
}